size: 100 maxDiff: 0.00000000000000000000 execution time: 31536 ms
size: 200 maxDiff: 0.00000000004012246091 execution time: 31749 ms
